0 0 0
0 1 0
1 1 0
2 1 0
3 1 0
4 1 0
5 1 0
6 1 0
7 1 0
8 1 0
9 1 0
10 1 0
11 1 0
12 1 0
13 1 0
14 1 0
15 1 0
16 1 0
17 1 0
18 1 0
19 1 0
20 1 0
20 2 0
21 2 0
22 2 0
23 2 0
24 2 0
25 2 0
26 2 0
27 2 0
28 2 0
29 2 0
30 2 0
31 2 0
32 2 0
33 2 0
34 2 0
35 2 0
36 2 0
36 3 0
36 4 0
37 4 0
38 4 0
39 4 0
39 5 0
40 5 0
40 6 0
41 6 0
41 7 0
42 7 0
42 8 0
43 8 0
44 8 0
45 8 0
46 8 0
47 8 0
48 8 0
48 9 0
49 9 0
50 9 0
51 9 0
52 9 0
53 9 0
54 9 0
54 10 0
55 10 0
56 10 0
57 10 0
58 10 0
59 10 0
60 10 0
61 10 0
62 10 0
63 10 0
64 10 0
65 10 0
66 10 0
67 10 0
68 10 0
69 10 0
70 10 0
71 10 0
72 10 0
73 10 0
74 10 0
75 10 0
76 10 0
76 11 0
77 11 0
78 11 0
79 11 0
80 11 0
81 11 0
82 11 0
83 11 0
84 11 0
85 11 0
86 11 0
87 11 0
88 11 0
89 11 0
90 11 0
90 12 0
90 13 0
91 13 0
92 13 0
93 13 0
93 14 0
93 15 0
94 15 0
95 15 0
95 16 0
96 16 0
97 16 0
98 16 0
99 16 0
100 16 0
101 16 0
102 16 0
103 16 0
104 16 0
105 16 0
106 16 0
107 16 0
108 16 0
109 16 0
110 16 0
110 16 1
111 16 1
112 16 1
113 16 1
114 16 1
115 16 1
116 16 1
117 16 1
118 16 1
119 16 1
120 16 1
121 16 1
122 16 1
123 16 1
124 16 1
125 16 1
126 16 1
127 16 1
128 16 1
129 16 1
130 16 1
131 16 1
132 16 1
133 16 1
133 17 1
134 17 1
135 17 1
136 17 1
137 17 1
138 17 1
139 17 1
140 17 1
140 18 1
140 19 1
141 19 1
142 19 1
143 19 1
144 19 1
145 19 1
146 19 1
147 19 1
148 19 1
149 19 1
150 19 1
151 19 1
152 19 1
153 19 1
154 19 1
155 19 1
156 19 1
157 19 1
158 19 1
159 19 1
160 19 1
161 19 1
162 19 1
163 19 1
164 19 1
165 19 1
166 19 1
167 19 1
168 19 1
169 19 1
170 19 1
171 19 1
172 19 1
173 19 1
174 19 1
175 19 1
176 19 1
177 19 1
178 19 1
179 19 1
180 19 1
181 19 1
182 19 1
182 20 1
183 20 1
184 20 1
185 20 1
186 20 1
187 20 1
188 20 1
189 20 1
189 21 1
190 21 1
190 21 2
190 22 2
191 22 2
192 22 2
192 23 2
193 23 2
194 23 2
195 23 2
196 23 2
197 23 2
198 23 2
199 23 2
200 23 2
201 23 2
201 24 2
202 24 2
203 24 2
204 24 2
205 24 2
206 24 2
207 24 2
208 24 2
209 24 2
210 24 2
211 24 2
212 24 2
213 24 2
214 24 2
215 24 2
216 24 2
217 24 2
218 24 2
219 24 2
220 24 2
221 24 2
221 24 3
221 25 3
222 25 3
223 25 3
224 25 3
225 25 3
226 25 3
227 25 3
228 25 3
229 25 3
230 25 3
231 25 3
232 25 3
233 25 3
234 25 3
235 25 3
236 25 3
237 25 3
238 25 3
239 25 3
240 25 3
241 25 3
242 25 3
243 25 3
244 25 3
245 25 3
246 25 3
247 25 3
248 25 3
249 25 3
250 25 3
251 25 3
251 26 3
252 26 3
253 26 3
254 26 3
255 26 3
256 26 3
257 26 3
258 26 3
259 26 3
260 26 3
261 26 3
262 26 3
263 26 3
264 26 3
265 26 3
266 26 3
267 26 3
268 26 3
269 26 3
270 26 3
271 26 3
272 26 3
273 26 3
274 26 3
275 26 3
276 26 3
277 26 3
278 26 3
279 26 3
280 26 3
281 26 3
282 26 3
283 26 3
284 26 3
285 26 3
286 26 3
287 26 3
288 26 3
289 26 3
290 26 3
291 26 3
292 26 3
293 26 3
294 26 3
295 26 3
296 26 3
297 26 3
297 27 3
298 27 3
299 27 3
300 27 3
301 27 3
301 28 3
302 28 3
303 28 3
304 28 3
305 28 3
305 29 3
306 29 3
307 29 3
308 29 3
309 29 3
310 29 3
311 29 3
312 29 3
313 29 3
314 29 3
315 29 3
315 30 3
316 30 3
317 30 3
318 30 3
319 30 3
320 30 3
321 30 3
322 30 3
323 30 3
324 30 3
325 30 3
326 30 3
327 30 3
328 30 3
329 30 3
330 30 3
331 30 3
332 30 3
333 30 3
334 30 3
335 30 3
336 30 3
337 30 3
338 30 3
339 30 3
340 30 3
341 30 3
342 30 3
343 30 3
344 30 3
345 30 3
346 30 3
347 30 3
348 30 3
349 30 3
350 30 3
351 30 3
352 30 3
352 31 3
353 31 3
354 31 3
355 31 3
356 31 3
357 31 3
358 31 3
359 31 3
360 31 3
361 31 3
362 31 3
363 31 3
364 31 3
365 31 3
366 31 3
367 31 3
368 31 3
369 31 3
370 31 3
371 31 3
372 31 3
373 31 3
374 31 3
375 31 3
376 31 3
377 31 3
378 31 3
379 31 3
380 31 3
381 31 3
382 31 3
383 31 3
384 31 3
385 31 3
386 31 3
387 31 3
388 31 3
389 31 3
390 31 3
390 31 4
391 31 4
392 31 4
393 31 4
394 31 4
395 31 4
396 31 4
397 31 4
398 31 4
399 31 4
400 31 4
401 31 4
402 31 4
402 32 4
403 32 4
404 32 4
405 32 4
406 32 4
407 32 4
408 32 4
409 32 4
410 32 4
411 32 4
412 32 4
413 32 4
414 32 4
415 32 4
416 32 4
417 32 4
418 32 4
419 32 4
420 32 4
421 32 4
422 32 4
422 32 5
422 33 5
423 33 5
424 33 5
425 33 5
426 33 5
427 33 5
428 33 5
429 33 5
430 33 5
431 33 5
432 33 5
433 33 5
433 34 5
434 34 5
435 34 5
436 34 5
437 34 5
438 34 5
439 34 5
440 34 5
441 34 5
442 34 5
443 34 5
444 34 5
445 34 5
446 34 5
446 35 5
447 35 5
448 35 5
449 35 5
450 35 5
451 35 5
452 35 5
453 35 5
453 36 5
454 36 5
455 36 5
456 36 5
457 36 5
458 36 5
459 36 5
460 36 5
461 36 5
462 36 5
462 37 5
463 37 5
464 37 5
465 37 5
465 38 5
466 38 5
467 38 5
468 38 5
469 38 5
469 39 5
470 39 5
471 39 5
472 39 5
473 39 5
474 39 5
475 39 5
476 39 5
477 39 5
477 40 5
478 40 5
479 40 5
480 40 5
480 41 5
480 41 6
481 41 6
481 42 6
481 43 6
482 43 6
483 43 6
484 43 6
485 43 6
486 43 6
487 43 6
488 43 6
489 43 6
490 43 6
491 43 6
492 43 6
493 43 6
494 43 6
495 43 6
496 43 6
497 43 6
498 43 6
499 43 6
499 44 6
500 44 6
501 44 6
502 44 6
503 44 6
504 44 6
505 44 6
506 44 6
507 44 6
508 44 6
509 44 6
509 44 7
510 44 7
511 44 7
512 44 7
513 44 7
514 44 7
515 44 7
516 44 7
517 44 7
518 44 7
519 44 7
520 44 7
521 44 7
522 44 7
523 44 7
524 44 7
524 45 7
525 45 7
526 45 7
527 45 7
528 45 7
529 45 7
530 45 7
531 45 7
532 45 7
533 45 7
534 45 7
535 45 7
536 45 7
537 45 7
538 45 7
539 45 7
540 45 7
541 45 7
542 45 7
543 45 7
544 45 7
545 45 7
546 45 7
547 45 7
548 45 7
548 46 7
549 46 7
550 46 7
551 46 7
552 46 7
553 46 7
554 46 7
555 46 7
556 46 7
557 46 7
558 46 7
559 46 7
560 46 7
561 46 7
562 46 7
563 46 7
564 46 7
565 46 7
566 46 7
567 46 7
568 46 7
569 46 7
570 46 7
570 47 7
571 47 7
572 47 7
573 47 7
574 47 7
574 48 7
575 48 7
576 48 7
577 48 7
578 48 7
579 48 7
580 48 7
581 48 7
582 48 7
583 48 7
584 48 7
585 48 7
586 48 7
587 48 7
588 48 7
589 48 7
590 48 7
591 48 7
592 48 7
593 48 7
594 48 7
595 48 7
596 48 7
597 48 7
598 48 7
599 48 7
600 48 7
601 48 7
602 48 7
603 48 7
604 48 7
605 48 7
606 48 7
607 48 7
608 48 7
608 48 8
609 48 8
610 48 8
611 48 8
612 48 8
613 48 8
613 49 8
614 49 8
615 49 8
616 49 8
617 49 8
618 49 8
619 49 8
620 49 8
621 49 8
622 49 8
623 49 8
624 49 8
625 49 8
626 49 8
627 49 8
628 49 8
628 50 8
629 50 8
630 50 8
631 50 8
632 50 8
633 50 8
634 50 8
635 50 8
636 50 8
637 50 8
638 50 8
639 50 8
640 50 8
641 50 8
641 50 9
642 50 9
643 50 9
644 50 9
645 50 9
646 50 9
647 50 9
648 50 9
649 50 9
649 51 9
650 51 9
651 51 9
652 51 9
653 51 9
653 52 9
654 52 9
655 52 9
655 52 10
655 53 10
655 54 10
656 54 10
657 54 10
658 54 10
659 54 10
659 55 10
660 55 10
661 55 10
662 55 10
663 55 10
664 55 10
665 55 10
666 55 10
667 55 10
668 55 10
669 55 10
670 55 10
671 55 10
672 55 10
673 55 10
674 55 10
675 55 10
676 55 10
677 55 10
678 55 10
679 55 10
680 55 10
681 55 10
681 56 10
682 56 10
683 56 10
684 56 10
685 56 10
686 56 10
687 56 10
688 56 10
689 56 10
690 56 10
691 56 10
692 56 10
693 56 10
694 56 10
695 56 10
696 56 10
697 56 10
698 56 10
699 56 10
700 56 10
701 56 10
702 56 10
703 56 10
704 56 10
705 56 10
706 56 10
706 57 10
707 57 10
708 57 10
709 57 10
710 57 10
711 57 10
712 57 10
713 57 10
714 57 10
714 57 11
715 57 11
716 57 11
717 57 11
718 57 11
719 57 11
720 57 11
721 57 11
722 57 11
722 58 11
723 58 11
724 58 11
725 58 11
726 58 11
727 58 11
728 58 11
729 58 11
729 59 11
730 59 11
731 59 11
732 59 11
733 59 11
734 59 11
735 59 11
736 59 11
737 59 11
738 59 11
739 59 11
740 59 11
741 59 11
742 59 11
743 59 11
744 59 11
745 59 11
746 59 11
747 59 11
748 59 11
749 59 11
750 59 11
751 59 11
752 59 11
753 59 11
754 59 11
755 59 11
756 59 11
757 59 11
758 59 11
759 59 11
760 59 11
761 59 11
762 59 11
763 59 11
764 59 11
765 59 11
766 59 11
767 59 11
768 59 11
769 59 11
770 59 11
771 59 11
772 59 11
773 59 11
774 59 11
775 59 11
775 60 11
776 60 11
777 60 11
778 60 11
779 60 11
780 60 11
781 60 11
782 60 11
782 61 11
783 61 11
784 61 11
785 61 11
786 61 11
787 61 11
788 61 11
789 61 11
789 62 11
790 62 11
791 62 11
792 62 11
793 62 11
794 62 11
795 62 11
795 62 12
796 62 12
797 62 12
798 62 12
799 62 12
800 62 12
801 62 12
802 62 12
803 62 12
804 62 12
805 62 12
806 62 12
807 62 12
808 62 12
809 62 12
810 62 12
811 62 12
812 62 12
813 62 12
814 62 12
815 62 12
816 62 12
817 62 12
818 62 12
819 62 12
820 62 12
821 62 12
822 62 12
822 63 12
823 63 12
824 63 12
825 63 12
826 63 12
827 63 12
827 63 13
828 63 13
829 63 13
830 63 13
831 63 13
832 63 13
833 63 13
834 63 13
835 63 13
836 63 13
837 63 13
838 63 13
839 63 13
840 63 13
840 64 13
841 64 13
842 64 13
843 64 13
844 64 13
845 64 13
846 64 13
847 64 13
848 64 13
849 64 13
850 64 13
851 64 13
852 64 13
853 64 13
854 64 13
855 64 13
856 64 13
857 64 13
858 64 13
859 64 13
860 64 13
861 64 13
862 64 13
863 64 13
864 64 13
865 64 13
866 64 13
867 64 13
867 65 13
868 65 13
869 65 13
870 65 13
871 65 13
872 65 13
873 65 13
874 65 13
875 65 13
876 65 13
877 65 13
878 65 13
879 65 13
880 65 13
881 65 13
882 65 13
883 65 13
884 65 13
885 65 13
886 65 13
887 65 13
888 65 13
889 65 13
890 65 13
890 66 13
891 66 13
892 66 13
893 66 13
894 66 13
895 66 13
896 66 13
897 66 13
898 66 13
898 66 14
898 66 15
899 66 15
900 66 15
900 67 15
901 67 15
902 67 15
902 68 15
903 68 15
904 68 15
905 68 15
906 68 15
907 68 15
908 68 15
909 68 15
910 68 15
911 68 15
912 68 15
913 68 15
914 68 15
915 68 15
916 68 15
917 68 15
918 68 15
918 69 15
919 69 15
920 69 15
921 69 15
922 69 15
923 69 15
924 69 15
925 69 15
925 69 16
926 69 16
927 69 16
928 69 16
929 69 16
929 70 16
930 70 16
931 70 16
932 70 16
933 70 16
934 70 16
935 70 16
936 70 16
937 70 16
938 70 16
939 70 16
940 70 16
941 70 16
942 70 16
943 70 16
944 70 16
945 70 16
945 71 16
946 71 16
946 72 16
947 72 16
948 72 16
949 72 16
950 72 16
951 72 16
952 72 16
953 72 16
954 72 16
955 72 16
956 72 16
956 72 17
957 72 17
958 72 17
959 72 17
960 72 17
961 72 17
962 72 17
963 72 17
964 72 17
965 72 17
966 72 17
966 73 17
967 73 17
968 73 17
969 73 17
970 73 17
971 73 17
972 73 17
973 73 17
974 73 17
975 73 17
976 73 17
977 73 17
977 74 17
978 74 17
979 74 17
980 74 17
981 74 17
982 74 17
982 74 18
982 75 18
983 75 18
984 75 18
985 75 18
986 75 18
987 75 18
988 75 18
989 75 18
990 75 18
991 75 18
992 75 18
993 75 18
993 76 18
994 76 18
995 76 18
996 76 18
996 77 18
997 77 18
997 78 18
998 78 18
999 78 18
1000 78 18
1000 79 18
1001 79 18
1001 80 18
1001 81 18
1002 81 18
1003 81 18
1004 81 18
1005 81 18
1006 81 18
1007 81 18
1008 81 18
1008 82 18
1009 82 18
1010 82 18
1011 82 18
1012 82 18
1013 82 18
1014 82 18
1015 82 18
1016 82 18
1017 82 18
1018 82 18
1019 82 18
1020 82 18
1021 82 18
1022 82 18
1023 82 18
1024 82 18
1025 82 18
1026 82 18
1027 82 18
1028 82 18
1029 82 18
1030 82 18
1031 82 18
1032 82 18
1033 82 18
1034 82 18
1035 82 18
1036 82 18
1037 82 18
1038 82 18
1039 82 18
1040 82 18
1040 83 18
1041 83 18
1042 83 18
1043 83 18
1044 83 18
1045 83 18
1046 83 18
1047 83 18
1048 83 18
1049 83 18
1050 83 18
1051 83 18
1052 83 18
1053 83 18
1053 84 18
1054 84 18
1055 84 18
1056 84 18
1057 84 18
1058 84 18
1059 84 18
1060 84 18
1061 84 18
1062 84 18
1063 84 18
1064 84 18
1064 85 18
1065 85 18
1066 85 18
1067 85 18
1067 85 19
1068 85 19
1068 86 19
1068 87 19
1069 87 19
1070 87 19
1071 87 19
1072 87 19
1073 87 19
1074 87 19
1075 87 19
1076 87 19
1077 87 19
1078 87 19
1079 87 19
1080 87 19
1081 87 19
1082 87 19
1083 87 19
1084 87 19
1085 87 19
1086 87 19
1087 87 19
1087 88 19
1087 89 19
1088 89 19
1089 89 19
1090 89 19
1091 89 19
1092 89 19
1093 89 19
1094 89 19
1095 89 19
1096 89 19
1097 89 19
1098 89 19
1099 89 19
1100 89 19
1101 89 19
1102 89 19
1103 89 19
1104 89 19
1105 89 19
1106 89 19
1107 89 19
1108 89 19
1109 89 19
1110 89 19
1111 89 19
1112 89 19
1113 89 19
1113 90 19
1114 90 19
1115 90 19
1116 90 19
1117 90 19
1118 90 19
1119 90 19
1120 90 19
1121 90 19
1122 90 19
1123 90 19
1124 90 19
1125 90 19
1126 90 19
1127 90 19
1127 91 19
1127 92 19
1128 92 19
1128 93 19
1129 93 19
1130 93 19
1131 93 19
1132 93 19
1133 93 19
1134 93 19
1135 93 19
1136 93 19
1137 93 19
1138 93 19
1139 93 19
1140 93 19
1141 93 19
1142 93 19
1143 93 19
1144 93 19
1145 93 19
1146 93 19
1147 93 19
1148 93 19
1149 93 19
1150 93 19
1151 93 19
1151 94 19
1152 94 19
1153 94 19
1154 94 19
1155 94 19
1156 94 19
1157 94 19
1157 95 19
1158 95 19
1158 96 19
1159 96 19
1159 97 19
1160 97 19
1161 97 19
1162 97 19
1163 97 19
1164 97 19
1165 97 19
1166 97 19
1167 97 19
1168 97 19
1169 97 19
1170 97 19
1171 97 19
1172 97 19
1173 97 19
1174 97 19
1175 97 19
1176 97 19
1177 97 19
1178 97 19
1179 97 19
1180 97 19
1181 97 19
1181 98 19
1182 98 19
1183 98 19
1184 98 19
1185 98 19
1186 98 19
1187 98 19
1188 98 19
1189 98 19
1190 98 19
1191 98 19
1192 98 19
1193 98 19
1194 98 19
1195 98 19
1196 98 19
1197 98 19
1198 98 19
1199 98 19
1200 98 19
1201 98 19
1201 99 19
1202 99 19
1203 99 19
1204 99 19
1205 99 19
1206 99 19
1207 99 19
1208 99 19
1209 99 19
1210 99 19
1211 99 19
1212 99 19
1213 99 19
1214 99 19
1215 99 19
1216 99 19
1217 99 19
1218 99 19
1219 99 19
1220 99 19
1220 100 19
1220 101 19
1221 101 19
1222 101 19
1223 101 19
1224 101 19
1225 101 19
1226 101 19
1227 101 19
1228 101 19
1229 101 19
1230 101 19
1231 101 19
1232 101 19
1233 101 19
1234 101 19
1235 101 19
1236 101 19
1237 101 19
1238 101 19
1239 101 19
1240 101 19
1241 101 19
1242 101 19
1243 101 19
1244 101 19
1245 101 19
1246 101 19
1247 101 19
1248 101 19
1249 101 19
1250 101 19
1251 101 19
1252 101 19
1253 101 19
1254 101 19
1255 101 19
1256 101 19
1257 101 19
1258 101 19
1259 101 19
1259 102 19
1260 102 19
1261 102 19
1262 102 19
1263 102 19
1264 102 19
1265 102 19
1266 102 19
1267 102 19
1268 102 19
1269 102 19
1270 102 19
1270 102 20
1271 102 20
1272 102 20
1273 102 20
1274 102 20
1275 102 20
1276 102 20
1277 102 20
1278 102 20
1279 102 20
1280 102 20
1281 102 20
1282 102 20
1283 102 20
1284 102 20
1285 102 20
1286 102 20
1287 102 20
1288 102 20
1289 102 20
1290 102 20
1291 102 20
1291 103 20
1292 103 20
1293 103 20
1294 103 20
1295 103 20
1296 103 20
1297 103 20
1298 103 20
1299 103 20
1300 103 20
1301 103 20
1302 103 20
1303 103 20
1304 103 20
1304 104 20
1305 104 20
1306 104 20
1307 104 20
1308 104 20
1309 104 20
1310 104 20
1311 104 20
1312 104 20
1313 104 20
1314 104 20
1315 104 20
1316 104 20
1316 105 20
1317 105 20
1318 105 20
1319 105 20
1320 105 20
1321 105 20
1321 106 20
1322 106 20
1323 106 20
1324 106 20
1325 106 20
1326 106 20
1326 107 20
1327 107 20
1328 107 20
1329 107 20
1329 108 20
1330 108 20
1330 109 20
1331 109 20
1332 109 20
1333 109 20
1334 109 20
1335 109 20
1336 109 20
1337 109 20
1338 109 20
1339 109 20
1340 109 20
1341 109 20
1342 109 20
1343 109 20
1343 110 20
1344 110 20
1345 110 20
1346 110 20
1347 110 20
1348 110 20
1349 110 20
1350 110 20
1351 110 20
1352 110 20
1353 110 20
1354 110 20
1355 110 20
1356 110 20
1357 110 20
1358 110 20
1359 110 20
1360 110 20
1361 110 20
1362 110 20
1363 110 20
1364 110 20
1365 110 20
1365 110 21
1366 110 21
1367 110 21
1368 110 21
1369 110 21
1370 110 21
1371 110 21
1372 110 21
1372 110 22
1373 110 22
1374 110 22
1375 110 22
1376 110 22
1377 110 22
1378 110 22
1379 110 22
1380 110 22
1381 110 22
1382 110 22
1383 110 22
1384 110 22
1385 110 22
1386 110 22
1387 110 22
1388 110 22
1389 110 22
1390 110 22
1391 110 22
1392 110 22
1393 110 22
1394 110 22
1395 110 22
1396 110 22
1397 110 22
1398 110 22
1399 110 22
1400 110 22
1401 110 22
1402 110 22
1403 110 22
1404 110 22
1405 110 22
1406 110 22
1407 110 22
1408 110 22
1409 110 22
1410 110 22
1411 110 22
1411 111 22
1412 111 22
1413 111 22
1414 111 22
1415 111 22
1416 111 22
1417 111 22
1418 111 22
1419 111 22
1420 111 22
1421 111 22
1422 111 22
1423 111 22
1424 111 22
1425 111 22
1426 111 22
1427 111 22
1428 111 22
1429 111 22
1430 111 22
1431 111 22
1432 111 22
1433 111 22
1434 111 22
1435 111 22
1436 111 22
1437 111 22
1438 111 22
1439 111 22
1440 111 22
1441 111 22
1442 111 22
1443 111 22
1443 112 22
1444 112 22
1445 112 22
1445 113 22
1446 113 22
1447 113 22
1448 113 22
1449 113 22
1450 113 22
1450 114 22
1451 114 22
1451 115 22
1452 115 22
1453 115 22
1454 115 22
1455 115 22
1456 115 22
1457 115 22
1458 115 22
1459 115 22
1460 115 22
1461 115 22
1462 115 22
1463 115 22
1464 115 22
1465 115 22
1466 115 22
1467 115 22
1468 115 22
1469 115 22
1470 115 22
1471 115 22
1472 115 22
1473 115 22
1474 115 22
1475 115 22
1476 115 22
1477 115 22
1478 115 22
1479 115 22
1479 115 23
1480 115 23
1481 115 23
1482 115 23
1483 115 23
1484 115 23
1485 115 23
1486 115 23
1487 115 23
1488 115 23
1489 115 23
1490 115 23
1491 115 23
1492 115 23
1493 115 23
1494 115 23
1495 115 23
1495 116 23
1496 116 23
1497 116 23
1498 116 23
1498 117 23
1499 117 23
1500 117 23
1501 117 23
1502 117 23
1503 117 23
1504 117 23
1505 117 23
1506 117 23
1507 117 23
1508 117 23
1509 117 23
1510 117 23
1511 117 23
1512 117 23
1513 117 23
1514 117 23
1515 117 23
1516 117 23
1517 117 23
1518 117 23
1519 117 23
1520 117 23
1521 117 23
1522 117 23
1523 117 23
1524 117 23
1525 117 23
1526 117 23
1527 117 23
1528 117 23
1529 117 23
1530 117 23
1531 117 23
1532 117 23
1533 117 23
1534 117 23
1535 117 23
1536 117 23
1537 117 23
1538 117 23
1539 117 23
1540 117 23
1541 117 23
1542 117 23
1543 117 23
1543 118 23
