-1236 2919 -1013 -5348 7843 1349 5119 6853 
1875 -14221 -3446  477 11340 -4915 -12862 -9453 
3419 4052 2598 3706 -6060 18354 1635 -2027 
5292 10228 -1000    0    0 -7171  812 -4431 
1489  915 -272    0    0 2801 -5777 6125 
-3349 14501 -3378 -8922 5765  815 -2221 -141 
-5711 -526 1486 -9638 -10312  249 -375 -2583 
16780 -14065 6663 -13739 19707 -8753 5871 -8809 

   0 -2591 -3330 2066 -2058 3833 -2726    0 
2066 6908 2707 3347 6271 3671 8481 4742 
3389  178 -277  -49 4248 -6216 -3269 -811 
5801 -340 4760 5042 -6829 2236 3497 -905 
5015  -37   31 -7414 8693 -3445 7366 -5696 
6630 -10718 1040 2585 1449 -4060 2462 -3111 
7386 7452 -1529 7879 9300 1109 -240 -763 
   0 10389  235 9596 -3849 7186 -3455    0 

1110 915
