0 0 0
0 1 0
441 35 8
442 35 8
443 35 8
444 35 8
445 35 8
446 35 8
447 35 8
448 35 8
449 35 8
450 35 8
451 35 8
452 35 8
453 35 8
454 35 8
455 35 8
456 35 8
457 35 8
458 35 8
459 35 8
460 35 8
461 35 8
462 35 8
463 35 8
464 35 8
465 35 8
466 35 8
467 35 8
468 35 8
469 35 8
470 35 8
471 35 8
472 35 8
473 35 8
474 35 8
475 35 8
476 35 8
477 35 8
478 35 8
479 35 8
480 35 8
481 35 8
482 35 8
482 36 8
483 36 8
484 36 8
485 36 8
486 36 8
487 36 8
488 36 8
489 36 8
490 36 8
491 36 8
492 36 8
493 36 8
494 36 8
495 36 8
496 36 8
497 36 8
498 36 8
499 36 8
499 36 9
500 36 9
501 36 9
502 36 9
503 36 9
504 36 9
505 36 9
506 36 9
507 36 9
508 36 9
509 36 9
510 36 9
511 36 9
512 36 9
513 36 9
514 36 9
515 36 9
516 36 9
517 36 9
518 36 9
519 36 9
519 37 9
520 37 9
521 37 9
522 37 9
523 37 9
524 37 9
525 37 9
526 37 9
527 37 9
528 37 9
529 37 9
530 37 9
531 37 9
531 37 10
532 37 10
533 37 10
534 37 10
535 37 10
536 37 10
537 37 10
537 38 10
538 38 10
539 38 10
540 38 10
541 38 10
542 38 10
543 38 10
544 38 10
544 39 10
545 39 10
546 39 10
547 39 10
548 39 10
549 39 10
550 39 10
551 39 10
552 39 10
553 39 10
554 39 10
555 39 10
556 39 10
557 39 10
558 39 10
559 39 10
560 39 10
561 39 10
562 39 10
563 39 10
564 39 10
565 39 10
566 39 10
567 39 10
568 39 10
569 39 10
570 39 10
571 39 10
572 39 10
573 39 10
574 39 10
575 39 10
575 39 11
576 39 11
577 39 11
578 39 11
579 39 11
580 39 11
581 39 11
582 39 11
583 39 11
584 39 11
585 39 11
586 39 11
587 39 11
588 39 11
588 40 11
589 40 11
590 40 11
591 40 11
592 40 11
593 40 11
594 40 11
595 40 11
596 40 11
597 40 11
598 40 11
599 40 11
600 40 11
601 40 11
602 40 11
603 40 11
604 40 11
605 40 11
606 40 11
607 40 11
608 40 11
609 40 11
610 40 11
611 40 11
612 40 11
613 40 11
614 40 11
615 40 11
616 40 11
617 40 11
618 40 11
619 40 11
619 41 11
620 41 11
621 41 11
622 41 11
623 41 11
624 41 11
625 41 11
626 41 11
627 41 11
628 41 11
629 41 11
630 41 11
631 41 11
632 41 11
633 41 11
634 41 11
635 41 11
636 41 11
637 41 11
638 41 11
639 41 11
640 41 11
641 41 11
642 41 11
643 41 11
644 41 11
645 41 11
646 41 11
647 41 11
648 41 11
649 41 11
650 41 11
651 41 11
652 41 11
653 41 11
654 41 11
655 41 11
656 41 11
657 41 11
658 41 11
659 41 11
659 42 11
660 42 11
661 42 11
662 42 11
663 42 11
664 42 11
665 42 11
665 42 12
666 42 12
667 42 12
668 42 12
669 42 12
670 42 12
671 42 12
672 42 12
673 42 12
674 42 12
675 42 12
676 42 12
677 42 12
678 42 12
679 42 12
680 42 12
681 42 12
682 42 12
683 42 12
684 42 12
685 42 12
686 42 12
687 42 12
688 42 12
689 42 12
690 42 12
691 42 12
692 42 12
693 42 12
694 42 12
695 42 12
696 42 12
697 42 12
698 42 12
699 42 12
700 42 12
701 42 12
702 42 12
703 42 12
704 42 12
705 42 12
706 42 12
707 42 12
708 42 12
709 42 12
710 42 12
711 42 12
712 42 12
713 42 12
714 42 12
715 42 12
716 42 12
717 42 12
718 42 12
719 42 12
720 42 12
721 42 12
722 42 12
723 42 12
724 42 12
725 42 12
726 42 12
