#1001
654	29	38	-64	92	336	-75	647	
55	-347	-14	106	-179	-222	-294	53	
83	-118	-136	-12	8	38	-214	318	
78	64	42	0	0	38	-186	-27	
-25	-91	-79	0	0	-98	40	110	
172	100	-62	25	-34	75	-192	-41	
-55	-323	-45	-130	-79	130	-370	163	
659	-14	-7	412	-169	2	-28	687	

0	321	323	372	267	149	301	0	
299	404	82	13	194	206	395	295	
303	157	284	149	58	201	198	203	
307	71	150	188	222	78	169	370	
352	178	107	201	228	182	39	288	
259	5	231	43	118	177	184	354	
336	372	103	163	108	-2	415	253	
0	340	347	153	415	330	327	0	

847 141 13

#1002
655	30	37	-65	93	337	-76	648	
56	-348	-13	107	-180	-221	-295	54	
82	-119	-137	-11	9	37	-213	317	
79	65	41	0	0	39	-187	-28	
-26	-92	-78	0	0	-99	41	111	
171	101	-63	26	-35	74	-191	-42	
-54	-324	-44	-129	-78	131	-369	162	
660	-15	-8	413	-170	1	-29	688	

0	321	324	373	267	149	301	0	
299	405	82	13	195	206	396	295	
304	158	285	149	57	202	198	204	
307	70	151	187	223	78	169	371	
353	178	106	202	228	183	38	288	
260	4	232	43	119	178	183	355	
336	373	102	162	108	-2	415	254	
0	341	348	153	416	331	328	0	

848 141 13

#1003
656	29	38	-64	94	336	-77	649	
55	-347	-14	106	-179	-222	-294	53	
83	-118	-136	-12	8	36	-214	318	
78	64	42	0	0	40	-186	-29	
-25	-93	-77	0	0	-98	40	112	
172	100	-62	25	-34	73	-190	-43	
-55	-325	-45	-128	-77	130	-370	163	
661	-14	-7	412	-169	2	-30	689	

0	322	324	373	267	150	302	0	
300	405	83	14	195	206	396	296	
304	158	285	150	57	203	199	204	
308	70	150	187	223	77	169	372	
353	178	105	202	229	183	38	288	
260	4	231	43	118	178	182	356	
337	374	103	161	107	-2	415	254	
0	341	348	154	416	331	329	0	

848 142 13

#1004
657	30	37	-63	95	337	-78	650	
54	-348	-13	105	-180	-223	-295	54	
84	-119	-137	-11	7	37	-215	319	
79	63	43	0	0	41	-187	-30	
-26	-94	-78	0	0	-97	39	113	
173	101	-61	24	-35	74	-191	-44	
-56	-326	-46	-127	-76	131	-371	164	
662	-13	-8	413	-170	1	-29	690	

0	322	324	372	266	149	302	0	
301	406	82	14	196	206	396	296	
304	159	285	149	57	203	199	204	
308	71	149	187	223	76	169	373	
354	179	105	202	230	183	38	288	
260	3	230	44	118	178	182	357	
337	374	103	160	106	-3	416	254	
0	341	349	154	417	332	329	0	

849 142 13

