0 0 0
1 0 0
2 0 0
3 0 0
4 0 0
4 1 0
5 1 0
6 1 0
7 1 0
8 1 0
9 1 0
9 1 1
9 2 1
10 2 1
11 2 1
12 2 1
13 2 1
14 2 1
15 2 1
16 2 1
17 2 1
18 2 1
19 2 1
20 2 1
21 2 1
22 2 1
23 2 1
24 2 1
25 2 1
26 2 1
27 2 1
28 2 1
28 2 2
28 3 2
29 3 2
30 3 2
31 3 2
32 3 2
33 3 2
34 3 2
34 4 2
35 4 2
36 4 2
37 4 2
38 4 2
39 4 2
40 4 2
41 4 2
42 4 2
43 4 2
44 4 2
45 4 2
46 4 2
47 4 2
48 4 2
48 5 2
49 5 2
49 6 2
50 6 2
51 6 2
52 6 2
53 6 2
54 6 2
55 6 2
56 6 2
57 6 2
58 6 2
59 6 2
60 6 2
61 6 2
62 6 2
63 6 2
64 6 2
64 6 3
65 6 3
66 6 3
67 6 3
68 6 3
69 6 3
69 7 3
70 7 3
71 7 3
72 7 3
73 7 3
74 7 3
74 8 3
75 8 3
76 8 3
76 9 3
76 10 3
77 10 3
78 10 3
79 10 3
80 10 3
81 10 3
82 10 3
83 10 3
84 10 3
85 10 3
86 10 3
87 10 3
88 10 3
89 10 3
90 10 3
91 10 3
92 10 3
92 11 3
93 11 3
94 11 3
95 11 3
96 11 3
97 11 3
98 11 3
99 11 3
100 11 3
101 11 3
102 11 3
103 11 3
104 11 3
105 11 3
106 11 3
107 11 3
108 11 3
109 11 3
109 12 3
110 12 3
111 12 3
112 12 3
113 12 3
113 13 3
114 13 3
115 13 3
116 13 3
117 13 3
118 13 3
119 13 3
120 13 3
121 13 3
121 14 3
122 14 3
123 14 3
124 14 3
124 15 3
125 15 3
126 15 3
127 15 3
128 15 3
128 15 4
129 15 4
130 15 4
130 16 4
131 16 4
131 17 4
132 17 4
133 17 4
134 17 4
135 17 4
136 17 4
137 17 4
137 17 5
138 17 5
138 18 5
139 18 5
140 18 5
141 18 5
142 18 5
143 18 5
144 18 5
145 18 5
145 18 6
146 18 6
147 18 6
148 18 6
149 18 6
150 18 6
151 18 6
152 18 6
153 18 6
153 19 6
154 19 6
154 20 6
155 20 6
156 20 6
157 20 6
158 20 6
159 20 6
159 21 6
160 21 6
161 21 6
161 22 6
162 22 6
163 22 6
164 22 6
165 22 6
166 22 6
167 22 6
168 22 6
169 22 6
170 22 6
171 22 6
172 22 6
173 22 6
174 22 6
175 22 6
176 22 6
177 22 6
178 22 6
179 22 6
180 22 6
181 22 6
182 22 6
182 23 6
183 23 6
184 23 6
185 23 6
186 23 6
187 23 6
188 23 6
189 23 6
190 23 6
190 24 6
191 24 6
191 24 7
192 24 7
193 24 7
194 24 7
195 24 7
196 24 7
197 24 7
198 24 7
199 24 7
200 24 7
201 24 7
201 24 8
202 24 8
203 24 8
204 24 8
205 24 8
206 24 8
207 24 8
207 25 8
208 25 8
209 25 8
210 25 8
211 25 8
211 26 8
212 26 8
213 26 8
213 27 8
214 27 8
215 27 8
216 27 8
217 27 8
218 27 8
219 27 8
220 27 8
221 27 8
222 27 8
223 27 8
224 27 8
225 27 8
226 27 8
226 28 8
227 28 8
228 28 8
229 28 8
230 28 8
231 28 8
232 28 8
233 28 8
233 29 8
234 29 8
235 29 8
236 29 8
237 29 8
238 29 8
239 29 8
240 29 8
241 29 8
241 30 8
242 30 8
243 30 8
244 30 8
245 30 8
246 30 8
246 31 8
247 31 8
248 31 8
249 31 8
250 31 8
250 32 8
250 33 8
251 33 8
252 33 8
253 33 8
254 33 8
255 33 8
256 33 8
257 33 8
258 33 8
259 33 8
260 33 8
261 33 8
261 34 8
262 34 8
263 34 8
264 34 8
264 35 8
265 35 8
266 35 8
267 35 8
268 35 8
269 35 8
270 35 8
271 35 8
272 35 8
273 35 8
274 35 8
275 35 8
276 35 8
277 35 8
278 35 8
279 35 8
280 35 8
281 35 8
282 35 8
283 35 8
284 35 8
285 35 8
286 35 8
286 35 9
287 35 9
288 35 9
289 35 9
290 35 9
291 35 9
292 35 9
293 35 9
294 35 9
295 35 9
295 36 9
296 36 9
297 36 9
298 36 9
299 36 9
300 36 9
301 36 9
302 36 9
303 36 9
304 36 9
305 36 9
306 36 9
307 36 9
308 36 9
309 36 9
310 36 9
311 36 9
312 36 9
313 36 9
313 36 10
313 37 10
314 37 10
315 37 10
316 37 10
317 37 10
318 37 10
319 37 10
320 37 10
321 37 10
322 37 10
323 37 10
324 37 10
325 37 10
326 37 10
327 37 10
328 37 10
329 37 10
330 37 10
331 37 10
332 37 10
333 37 10
334 37 10
335 37 10
336 37 10
337 37 10
337 38 10
338 38 10
339 38 10
339 39 10
340 39 10
341 39 10
342 39 10
343 39 10
344 39 10
345 39 10
346 39 10
347 39 10
348 39 10
349 39 10
349 40 10
350 40 10
351 40 10
352 40 10
353 40 10
354 40 10
355 40 10
356 40 10
357 40 10
358 40 10
359 40 10
360 40 10
361 40 10
362 40 10
363 40 10
364 40 10
365 40 10
366 40 10
367 40 10
368 40 10
369 40 10
370 40 10
371 40 10
372 40 10
373 40 10
374 40 10
375 40 10
376 40 10
377 40 10
378 40 10
378 41 10
379 41 10
380 41 10
381 41 10
381 42 10
382 42 10
383 42 10
384 42 10
385 42 10
386 42 10
386 43 10
387 43 10
388 43 10
389 43 10
390 43 10
391 43 10
392 43 10
393 43 10
394 43 10
395 43 10
396 43 10
397 43 10
398 43 10
399 43 10
400 43 10
401 43 10
402 43 10
403 43 10
403 44 10
404 44 10
405 44 10
406 44 10
406 45 10
407 45 10
408 45 10
409 45 10
410 45 10
411 45 10
411 46 10
411 47 10
412 47 10
413 47 10
413 48 10
414 48 10
415 48 10
416 48 10
417 48 10
418 48 10
419 48 10
420 48 10
421 48 10
421 49 10
421 50 10
422 50 10
423 50 10
424 50 10
425 50 10
426 50 10
427 50 10
428 50 10
429 50 10
430 50 10
430 51 10
431 51 10
432 51 10
433 51 10
434 51 10
435 51 10
436 51 10
437 51 10
438 51 10
439 51 10
440 51 10
441 51 10
442 51 10
443 51 10
444 51 10
445 51 10
446 51 10
447 51 10
448 51 10
449 51 10
450 51 10
451 51 10
451 52 10
452 52 10
452 53 10
453 53 10
453 54 10
454 54 10
455 54 10
456 54 10
456 54 11
457 54 11
458 54 11
459 54 11
